524
4115
3659
2744
1063
2279
544
1221
4561
3106
2483
1312
122
1743
418
4596
3453
2905
2638
3117
4550
2170
4481
1311
2274
3595
1632
1826
151
1609
380
736
2013
3613
1682
638
158
1159
3197
2128
2767
3407
1040
4083
2306
2492
994
3721
233
3234
1180
615
126
1840
2770
1623
1318
2806
945
280
305
2506
4910
2258
2423
2793
1224
853
900
2599
664
3285
835
1428
3506
2745
974
2839
1719
2110
2932
2428
2305
4671
3609
2090
4705
655
156
2382
850
3955
1862
1347
596
3326
439
395
751
2874
2566
1558
4223
3939
603
3600
2435
4803
3993
2078
2135
2567
424
4209
3820
4819
2681
4573
905
4251
4309
3811
1625
2707
3013
3774
4714
4391
1198
847
570
3952
2438
1412
3116
2093
4082
3568
4156
3825
4827
2469
2511
3339
4271
4534
2743
732
3602
1358
2316
1710
1527
1150
4295
2807
1461
1761
1977
4068
3071
1740
4884
3303
1609
4697
4157
3571
1813
168
2098
95
1240
1101
4319
1821
2057
3450
3333
2439
4979
2455
2130
1210
402
1362
3398
2104
1619
2721
3947
3638
139
2824
2395
2636
830
2618
1277
3765
2061
3578
399
2304
4495
1230
3041
2367
514
1097
425
4453
1057
869
1619
129
4129
2582
3831
1394
3852
4352
2335
4741
946
4170
2044
4120
2213
4744
1628
896
954
4991
625
1999
3372
111
2064
3575
975
172
1532
2435
3687
2298
3795
4729
3313
3806
1058
61
3550
3917
3191
618
1279
1336
2992
2022
2588
4905
2025
4292
2495
4142
195
1362
3632
1454
3694
4239
2441
713
593
3455
2247
3678
3905
109
3984
1472
279
4246
2650
4088
459
540
1947
4216
4275
1617
368
3097
494
3776
3462
2239
983
1102
919
4685
1137
3302
4499
1993
1490
4388
1308
1376
1444
717
1272
4002
4137
2709
3378
1748
3909
3536
1798
712
1244
3108
4892
1321
4080
3518
2114
2911
3504
4504
2211
2798
1522
3559
3198
104
2246
237
342
4978
4274
4017
2445
4292
3485
4516
3547
2245
850
2699
3006
313
2245
1513
2417
2145
2199
2923
3777
2211
2189
3912
2369
4717
4747
3023
2619
258
4560
2606
4409
2390
1947
1862
2169
1644
3696
537
1308
2393
1754
4850
4070
2172
4435
4650
4338
4412
4758
2763
3685
2718
3820
2695
1252
4413
4094
2621
46
722
1471
805
923
4978
2872
2929
3955
2849
2932
4318
2863
2087
4172
2913
73
4647
4310
644
2748
916
1862
171
3218
2607
1097
363
3725
1508
675
4297
4186
1964
3764
1764
422
2750
3953
1429
3819
511
4213
2936
1646
579
3832
1443
4920
4107
3990
3176
700
1908
4491
194
167
1378
1112
887
2138
3097
441
4272
15
401
4686
2678
4184
618
655
1391
3342
2206
3562
2389
326
4664
4023
4305
2760
524
2132
780
3530
856
2412
1275
2119
388
705
4514
4920
4394
4386
2848
2437
2476
2652
1613
1569
902
1086
2864
2879
2218
4299
157
1878
298
4463
3996
3210
2963
517
4999
4681
3452
1547
3330
2222
2988
2072
4813
1073
3251
1404
972
2977
1645
1979
3855
2124
4018
123
4080
4601
3199
893
2715
4679
4761
1309
4300
2746
1042
2733
1612
971
754
949
4112
3691
4213
4804
402
4805
1101
2846
3917
4475
4535
3599
870
798
1026
3021
4159
2326
1967
2599
1865
2213
2948
3603
968
2340
1827
1446
413
2100
2647
2966
3154
637
2963
2419
4333
2873
467
274
4696
2601
1908
4302
3865
1811
1441
2019
265
2836
1942
2149
962
4562
1292
4862
3849
3803
3261
2624
4639
4499
3296
739
1210
4484
2490
4822
1366
1154
2910
250
1784
4022
2655
1723
3675
1591
391
1679
1890
3598
467
4677
3861
4251
3967
3840
3617
2024
2372
2155
4207
2728
3391
2623
3620
1338
1118
4507
1507
3199
2761
793
2491
248
435
4121
736
4272
391
268
1007
4170
2252
107
557
2922
1406
4246
3866
4577
880
3457
3703
4600
568
1132
4427
4272
4280
2209
1050
4915
3313
166
2170
1090
4995
1566
3436
3755
643
87
1608
664
2713
2535
2941
486
2324
4726
904
758
3130
4603
4984
3443
4778
988
1993
385
2104
1908
4547
136
2145
4176
4436
3068
2121
4847
1955
412
2416
3694
3965
4769
2410
1442
1161
702
2785
1193
2127
2929
1472
2508
74
1176
3787
1558
166
2585
1934
247
755
703
2717
2343
1516
2094
459
1990
2982
1007
3613
164
1595
1236
99
3573
2964
3539
4379
2431
2037
422
2981
4337
3860
4890
2315
1800
4416
4446
1796
1430
3502
66
4964
3189
3421
91
4470
3098
2473
2191
1917
1533
830
3783
290
998
4797
3214
1713
2942
4179
89
2636
1828
2834
768
2381
731
4642
2847
2587
3354
920
4081
747
1523
3536
4912
2466
2828
1903
51
2558
862
4882
3125
1039
3764
515
4311
1958
3002
232
3752
3164
1774
373
1195
729
1731
668
3774
2528
4728
1660
2665
69
4791
3931
3822
1294
1077
4939
3226
4703
175
1757
487
4255
97
851
3439
4208
3160
1371
4196
4421
1569
2123
2137
2931
547
1935
1251
3073
2796
3588
913
3567
4797
1731
3238
4192
3299
1588
705
2807
2689
1411
3921
2764
2642
3856
3012
4142
918
4943
2655
1570
1350
4324
1479
661
1979
1659
2565
2384
2068
2410
4139
4182
2400
1978
2999
4198
2785
238
3430
4265
699
4377
1180
1889
4230
2353
2806
3107
1887
922
4016
3938
2649
1829
2501
2589
86
4844
4401
2888
4793
1397
3236
4075
3521
1214
563
4771
3852
4151
969
4616
1513
575
4599
1190
3792
3316
2698
4153
4896
2445
4123
4041
1102
2257
1393
1537
4899
315
2096
4674
4346
436
3111
2836
4700
1545
3202
722
3129
2877
358
1738
4475
2302
3373
330
2287
2180
3878
1059
3705
1950
3677
1430
3408
3868
2756
1101
2079
1964
